839416064
938167132
915934872
1919718809
2003398289
-698714591
-982705568
1123344407
867171464
1646946213
-55556830
430051907
-1269108661
-864016534
-1859035084
641464703
1996531413
770581881
1451842468
75260466
58035650
-1401203352
-1602798957
-1503899596
-1206820046
-858966937
272931798
-2142249142
-2041062575
712888986
642761600
6843500
-968185372
-2038400334
-1643385211
523050375
1698901762
-1824830839
-803237307
1214691714
-1011577537
1416936418
101516601
503519927
-1935445393
861600454
915003455
855854013
-247332660
-767799051
-1180979301
1080097970
-63025488
1906775548
-328440494
-1755684188
-650282936
1322420203
-1985809120
-468154360
460008704
-1974925288
-1982216867
-669287519
-29138790
1564347897
182575800
-58494907
227094216
548085042
987121658
-655900573
225557256
-229109027
-1131658671
-1170531163
-1273821266
-1121188743
-256870249
-98007538
-161005715
-1634058075
-1332210654
1788903439
244123304
-129757262
-1601091616
-2022678430
-1599651192
-1481964366
1037990316
-193008241
1549890767
1374395039
-1799687927
-707941597
1391489029
1193065605
-1393430389
-663455872
209413843
-1637828758
-722355301
1696968211
691593575
472302621
838746403
-1934585017
-1757272886
1421179867
702096159
461518562
-883853746
693888469
1191084524
462016249
1068246874
-346971622
-723665848
-1515692305
-999969062
1881555687
2132784249
217546282
-2131084518
1382544107
-952422613
-1414593753
472103222
-2009017782
-1192156397
1823393362
-33896561
991836956
1218683359
558408656
32374378
437156318
685930659
-1616748093
188458348
-295053270
-1435410599
1759430530
481361894
-247144625
62928480
1631172545
66705096
-663383357
-1763075668
1372972571
392687105
1513559369
-1212575308
1393600952
-1245113712
-1310706664
-1707351395
-922629977
-611923828
630481498
1844710617
218832539
199115504
1496329715
599911874
112097986
127647715
-1383541216
39204681
201944138
-641557678
-963198729
-1537951669
127537083
-1956639046
1602846417
-55161614
1677130424
-339355821
-340289637
2043414788
-1679699480
-1214611336
-1536372906
-1571159594
-1905368224
359186422
-1999734574
-641322113
-2126535285
1094238055
1771645842
2106403988
460002182
231577826
28741143
-146757033
1104828820
287347029
1622874873
1103352905
1094421630
2114259191
267498209
2036747204
-672982963
1014570175
583747677
2089003915
403795879
732033971
1895743997
720910344
-1542193506
-1710975150
1390761711
378670302
765906944
678717540
-568162022
-1786755326
-602305200
-876436376
1082587178
1476526238
314556021
-872511060
789060515
1812506784
-230440725
591110162
2077797929
728331179
1863803524
934332619
1326102337
-886557564
-1728391976
839069189
-983407585
-1420615922
-1824161443
-1690140083
-1746982005
994819091
1532158989
1070358253
1040542430
873530009
1932628875
-626709225
1333236430
-593030869
724247285
-295003436
-1069752038
40635660
1993723429
-154814426
-922191969
2031255331
445275780
58068236
984536283
-2053348882
1728738919
1680310806
-1939464680
331990796
-298786217
-1549159353
-689202553
476930960
-2144191507
-1646490633
1256017704
-2091029842
1249309580
-2117176933
-1888406923
2146217570
-1846439196
134542423
-953646159
-311316111
-789689687
492390381
-76052673
-163112741
-395842892
-1306560854
322961068
1189865481
15913322
-1243445139
2074209047
644044926
-2097763285
-130987277
1069719360
2059772725
430603214
639045264
1937960251
-1326020307
1258457599
1308516073
-634084281
-1228898290
-136742982
-1080409267
2132868713
1407307189
912017881
1680319701
-434566375
-628355951
1420646320
-1155250515
-1176779782
-905976177
-871850180
1635829710
-483681625
-1442253515
-1519653371
-326265009
-1996553392
-648183077
-270843246
-856175058
-1410078009
2007281616
-981493114
-870852126
53041192
-806286968
-1658016988
425133787
-2143496807
-94522111
1814231413
312951729
-1475148137
-2111406639
625765320
241072468
783951581
-1810588204
2014108596
876500204
-171093513
2068761401
627318585
1287948670
721742877
818325772
32400106
-1401315600
1706717591
119179452
956606884
-199212006
873574940
1457156297
-2014443153
628750443
-575574820
-316345255
1535260924
1266822084
-1616707517
37222440
-1731451859
-1414362961
-520331998
-1524222046
760223786
-675461072
652509798
-745058843
1821798333
848900422
1157325455
1048490378
-937097509
-1094244796
1421780126
-1742995015
1231393001
-525648947
1376002624
1480415831
1295548746
-332334968
1373410349
1060442813
-642470709
1344987674
-1908475000
-1005589384
1710053383
-70978168
-587119649
-182833102
1647740
1832406294
-882254976
-277630760
-419024952
1088523067
1006278881
-2024911494
-1682486111
1333086639
-16381688
1067475091
372947610
2026779197
-288513620
2108886462
-330746800
-1186422214
-945041254
404806484
-874362403
1296648941
-1063784745
1814282074
1591807845
-392461847
1258939893
564953022
-500220752
465390650
1607505119
-2058239345
261921809
-1751610828
789224328
-1252968846
844577808
1739598142
139859388
-1817695499
2047332406
247813217
-1319250322
509169689
-536346398
1269782350
1027546442
488773415
1394407566
-1572017918
2061734814
1398561343
-817115620
-1783952030
760202395
-1990172955
-1644403247
1824220
1499303132
477505861
1513726240
-715944990
263342365
-975217638
-227147609
114527177
323343224
-1410818480
20474027
334585957
-1687157172
1570214882
1296665464
1097361463
500163140
400470853
-777678004
-1844426634
120092341
499565328
1919194364
2076577124
-1183237155
-388639143
-1207739949
-1872070536
1398461479
-708346729
-825258033
1243438389
1671483632
1797637525
67896734
1248990150
-1838599593
162930231
109250604
63805135
-463288830
-40904835
-1475732369
122897068
707372562
-1106999947
438126680
-1870024736
1593434814
2128962247
-1749985198
1743860455
-11601875
-2034648198
1680800369
-746464320
246715893
617605633
-788147873
525255844
1512273806
1259543165
-2076614290
2127766683
-1039121032
-1800186326
623908730
-920814831
1230835098
-1118685394
1893253575
-417871384
-1087091232
674348903
-89630355
-62064556
-664157921
749494764
-1455455206
-1229601928
-1672710236
-974473665
-2041241766
1672412930
-2101262258
312537316
-552851342
965125281
-552419116
-109878420
-2046154945
1514656763
1537166117
-1548749223
1932998622
878912444
2070880817
1475190626
-1491560921
757535906
640313678
-1882456432
889770617
1396697689
484424514
1616225833
-2031443490
42068117
415516081
-763925258
1075413521
-882902884
588358009
87930631
-627826520
67613043
1062673000
1221434895
51206309
18860177
1909280310
-1198656588
-1292623859
-136154178
-2075932073
-74968052
-356206341
-245521815
-1217391257
432384339
1091298004
-1340282937
155333005
-1381065586
516517227
-1151790633
1643780917
-1993099870
742579807
998134350
1647746583
1152961514
892848073
-664185513
351767669
654024879
948127012
-344459650
1950771957
-1922990359
-749723350
-971351101
-497034281
-14686621
-2010493682
1412837905
-785677330
1143618873
4742645
1489357293
-1510381339
958412104
-401075852
-443811709
-1472804169
1393905744
2078803804
1928667023
549914595
556974935
456021916
400217924
1384678187
863149780
385698403
-1275726701
-2017637682
-1873749443
382057965
-1962202291
1101835240
981154848
1923394724
1308913342
24467730
473831527
-1749489940
537553465
-2107840901
280688621
1108167370
-1630992131
907906553
190156232
1627220368
1712871722
770398539
-14826770
589776660
657502552
-429753128
-588205782
-1321059406
1754396268
-397437991
59774534
955957653
-1166363506
1210536119
-1523039999
481159474
367015493
851319113
1501318614
1434333787
-1794923892
1589080733
829943802
-371415504
106518631
835304762
-121023418
-1004370025
-540698651
354830915
-477497145
1091654506
-334069269
-972647588
-1354914906
494883570
1512198192
572934213
-1148700905
333032752
-1351227325
2007371178
1664808515
1771777292
-553952139
350235368
-548876855
-1660940477
-1249109280
-1936211274
1760748899
1947507660
467840226
1461790616
1764999452
1720958292
610093810
571853600
923570845
-701578151
1313313086
-1849256333
-1409506111
1388917629
1743841094
74443955
-1915152188
1667287570
-756365213
2041636705
-303139973
83383675
-1639272575
1993109952
293010721
-1291938579
2139879006
-1473703566
-1816921059
666673822
1406120147
-1342628865
1638884615
1179713991
891373024
-1508302695
-743158108
-59574491
-1019871618
2048357154
879848059
-1646731167
483410372
622108005
1956550376
-2047681586
-393162971
1713945812
-1489053218
-712033089
-1919123392
-1861960291
-557120924
1805259474
-2126815309
717028608
822075491
927003469
2104529816
-1980713607
-1843491671
-206370450
239768039
-1520411279
-592095750
-726901514
-879913861
-1731427040
-1299403042
722847462
1370414067
117545086
1275637134
2040814856
639994908
-1405905511
572099549
532413656
-237912990
1038928798
1221502581
1125162600
1291503739
-1145545750
-1130634355
-1460622801
-168599943
1080591381
-1939572709
1392782189
588042106
-2133968929
-1129654515
-1045590618
1936431177
-1188923824
-283652743
-35987860
1886715304
1711598314
-1698806230
840204209
-130630538
1276677924
1230973722
1167526274
1853323166
-636082500
-1939201020
2021438383
-1490128342
-562492223
-668872225
1730900278
-1724242263
1908273616
1532157934
1919269342
56239344
-1373749556
578135107
-1011175585
-33949977
-676653836
964734470
1526897629
389363645
1664143787
-665319531
171833310
-1070208103
-1481564532
-1432510188
-1057139202
1696917817
-1990760699
-2090722059
-1977276589
-2067734046
-96657343
-1482867088
1315215388
-138382807
394187240
-1501680277
-180910712
-1995862215
631354582
-1085143876
-1100256992
951968268
-925322629
906200154
2093849046
1951590930
-546663865
1800730388
-84549296
-1626773234
1931728946
925433342
574583905
1937693332
533959849
-873388685
-2032958426
1899991360
-953026510
2010458954
-22743410
919582704
-1651067706
-701400744
19301051
-463724774
358752370
817059915
-1615523969
1127131377
1096047853
1992544830
-1775469404
284681883
-1389596314
1068031319
-522792952
-1259921042
2037280859
1106043526
-1914893611
738304351
281555780
-1051815448
257010122
-1367435322
-1304006324
-372491441
-2009671022
1524129131
1779506512
-992891309
43960148
576438309
-662580716
267628384
-456578932
1492518385
1396004667
-1534458985
-881002256
-703862541
831532027
-663703342
-1531769053
138735525
-1914516209
-777541439
1594024627
804612780
1053597420
-81034028
-378325155
-1611495285
2075382270
-1629777913
-161749320
-1863696176
-224290082
-773233728
1485569974
-646771821
1222427472
-770687742
-1839649929
1705484532
126117831
-2105412819
1534603818
-160022514
1876022445
-802561736
776906594
-2079294058
1708006100
-2006315759
-276626733
341808246
247001417
1369821750
-2081699156
1124145103
996351889
-1403073914
-998158654
1969761677
1043263136
632600009
-1692036118
1766396979
-1636664760
1231009448
242794867
-399316727
-1074249116
-1980653013
-29138594
-550438994
-424616424
125625826
-495882125
-1580933946
-12217035
1433618734
-57194965
-804995578
1249022749
-699436819
-1251868322
-125779906
2026676387
121449553
-1163443069
-53143864
1192003771
-1139723879
-1348085450
-1738049098
-302897979
490504038
1425533272
70504753
-2044914736
-1294419185
-1730614591
-912424211
-1750844298
1237255277
-1204224764
-953752719
1144997830
-981807379
1945117831
-876882515
1918609043
1064290697
-1770271102
-1622532282
896426013
167193699
924378067
-1464366348
858284669
443794829
-1520997273
-1707454181
714054909
-1914889252
-1267677591
371595373
1901494316
946044008
-433089605
793320286
-1241564361
1675580981
268331215
888140265
-293306179
1412294948
998996186
-2086523499
274643050
1433327224
-371193915
965499141
-1470933483
-2062730063
444180584
-1770405452
1591214095
1525142437
1170245908
1373647607
-1214971682
-1525413702
541095344
-146139987
1190435614
1441259242
-483637349
1793678153
-7563477
-1858508935
-427319141
-974875347
-1108993133
-884013559
385266361
1549775822
997677545
652779210
-1580326073
-1507080158
-618962776
-1189131978
286459421
167066547
1289797325
-1260850107
1973367912
-614343591
909898416
-111874150
-273667742
-1379988125
1555576939
1574689380
1763465472
-232165914
2036091607
-1370121527
622460843
-684799598
268369245
-1660275562
1009242783
-1972233098
-839380807
-1606125645
1743912036
-632066005
-1643036547
800364683
896929518
-1227412511
1892633424
1245449705
-542873554
544894530
-1794791290
-1180518968
-154239580
1169182365
-167717852
806004461
-1125503050
-353369112
45485375
880468948
1310859129
1394522090
1393191774
-458037662
-1260454154
-1818291684
-59177769
937454012
1801812735
-995721122
1905946056
193826778
-1158774940
1500505020
521135156
-967518511
-1844896484
1363080485
1367818909
-753785322
124915430
1482789122
-1536254491
1889093038
1443197100
-1981051624
439202619
-423831829
-1951543592
-1935709876
2119803553
-1681479778
-578631174
142629262
944851370
363727607
-242155426
-1907607400
-47418871
1740534925
-1643055130
-1248430327
1481779334
-1190000843
27073447
-467079768
-92228282
-1931805130
1909958089
893477895
801212671
360084456
134632093
2118182237
-2042944047
318277974
-751385714
-711858435
2001304504
1675325724
1159264429
-1122091809
1318050099
-683223006
-692769266
-1963142271
-1531384989
-1858742706
-175659588
1987387338
-328258898
-799320751
-914065448
-355056614
843875608
1434856145
1990875725
-562966088
-1124964077
-89290253
552271164
129917373
287624016
2135081719
-223010295
188008701
1000542124
-622575882
-1874893309
-863938458
810532454
-73015092
-115303532
845805571
2033374302
-1784579330
1943141131
1385256568
969774711
1390595820
605412396
1000164924
681432609
-322248459
2046561306
1288619183
-37079728
689914668
-1859822982
-1748064298
-973275183
-131914907
678378389
2082955576
2000646665
-159426378
-1151794195
-116913723
273189159
616452466
-1220186423
1567743922
2108179462
-530234616
593331555
-190841034
-1819774452
522966976
-771670617
1897253769
426007940
-2118704399
-1353410156
-2047373854
493296210
1979926307
-1623654933
704132679
-837246725
-1846479441
-488290970
690118112
1523074850
-942554427
2143859007
-983834841
1309335941
-2093958443
2020322669
-279460694
1551065165
-310460379
462808986
-469919437
490966348
-2115841879
-1837037253
-444093762
-172151871
-435409708
-797430285
-1209718871
-1757293797
-251396390
-198965056
1755324278
-1981926614
